point0: 0 0
half1_point1_length_: 6.60198
tangent_angle_: 0.221564
half2_point1_length_: 12.0099
half1_degree_: 2
half2_degree_: 2
half1_rest_size: 1
half1_rest_: -11.7436  3.20221
half2_rest_size: 1
half2_rest_: 5.49325 18.6818
