point0: 0 0
half1_point1_length_: 4.16539
tangent_angle_: 0.251991
half2_point1_length_: 11.9772
half1_degree_: 2
half2_degree_: 2
half1_rest_size: 1
half1_rest_:  -7.3071 -0.49985
half2_rest_size: 1
half2_rest_: 8.73845 20.1521
