point0: 0 0
half1_point1_length_: 8.40136
tangent_angle_: -0.0293958
half2_point1_length_: 11.6861
half1_degree_: 2
half2_degree_: 2
half1_rest_size: 1
half1_rest_: -9.77964  4.28877
half2_rest_size: 1
half2_rest_: 8.15513 19.7824
