point0: 0 0
half1_point1_length_: 7.88908
tangent_angle_: 0.0962209
half2_point1_length_: 13.3129
half1_degree_: 2
half2_degree_: 2
half1_rest_size: 1
half1_rest_: -11.8259  3.99915
half2_rest_size: 1
half2_rest_: 5.92121 21.1304
