point0: 0 0
half1_point1_length_: 6.21935
tangent_angle_: -0.0540543
half2_point1_length_: 15.4096
half1_degree_: 2
half2_degree_: 2
half1_rest_size: 1
half1_rest_: -11.3591   1.7931
half2_rest_size: 1
half2_rest_: 7.78993 20.3503
